#' Custom Colors for theme_BCR
#'
#' @export
colors_BCR <- list(
  pink = "#A464B4",
  orange = "#B48C7C",
  gray = "#999999",
  red = "#B46474",
  purple = "#7C64B4",
  green = "#9CB464",
  blue = "#7CA4B4",
  siam = "#5C6454",
  yellow = "#B4A87C",
  black = "#222222",
  brown = "#80786C"
)
